id,nid,num,tj_2,t_618,t_618_2,js,os,ds,xs,jxs,ods,t_jxs,t_ods,t_qy1,t_qy2,t_qy3,t_qy4
1,162,"[3, 7, 9]","[1, 5, 6]",17,2,10,7,7,10,6,3,17,17,5,5,5,2
2,163,"[3, 10, 12]","[1, 5, 8]",17,2,8,9,9,8,2,3,17,17,4,4,3,6
3,164,"[2, 4, 10]","[1, 5, 9]",18,2,6,12,7,11,4,5,17,17,7,4,3,4
4,165,"[6, 9, 18]","[1, 3, 5]",15,1,8,7,9,6,4,5,17,17,3,3,7,2
5,166,"[1, 2, 7]","[1, 3, 4]",18,2,9,9,6,12,5,2,17,17,5,7,2,4
6,167,"[3, 11, 13]","[1, 3, 4]",16,2,8,8,11,5,3,6,17,17,4,1,7,4
7,168,"[1, 2, 8]","[1, 3, 4]",17,2,10,7,6,11,5,1,17,17,7,4,2,4
8,169,"[2, 5, 11]","[1, 2, 3]",20,3,12,8,9,11,8,5,17,17,8,3,4,5
9,170,"[4, 7, 8]","[1, 2, 3]",15,1,6,9,9,6,1,4,17,17,2,4,5,4
10,171,"[5, 11, 13]","[1, 3, 6]",15,1,11,4,5,10,8,2,17,17,6,4,0,5
11,172,"[1, 7, 10]","[1, 3, 4]",17,2,6,11,10,7,4,8,17,17,1,6,5,5
12,173,"[4, 8, 12]","[1, 2, 3]",16,2,4,12,10,6,1,7,17,17,4,2,5,5
13,174,"[3, 5, 16]","[1, 4, 8]",17,2,6,11,9,8,4,7,17,17,4,4,5,4
14,175,"[7, 9, 12]","[1, 3, 4]",16,2,10,6,9,7,5,4,17,17,3,4,4,5
15,176,"[2, 6, 12]","[1, 3, 4]",17,2,8,9,8,9,4,4,17,17,4,5,3,5
16,177,"[4, 6, 8]","[1, 4, 8]",17,2,7,10,11,6,1,5,17,17,3,3,7,4
17,178,"[2, 5, 6]","[1, 4, 8]",16,2,8,8,10,6,2,4,17,17,3,3,7,3
18,179,"[1, 2, 6]","[1, 4, 5]",14,1,7,7,7,7,4,4,17,17,5,2,3,4
19,180,"[3, 4, 12]","[1, 4, 6]",18,2,7,11,8,10,4,5,17,17,5,5,2,6
20,181,"[10, 14, 21]","[1, 3, 4]",20,3,7,13,11,9,5,9,17,17,6,3,7,4
21,182,"[10, 12, 14]","[1, 2, 5]",17,2,11,6,9,8,4,2,17,17,4,4,5,4
22,183,"[1, 7, 10]","[1, 3, 7]",16,2,10,6,7,9,5,2,17,17,4,5,4,3
23,184,"[3, 5, 6]","[1, 3, 6]",18,2,12,6,6,12,8,2,17,17,8,4,5,1
24,185,"[2, 7, 11]","[1, 3, 5]",19,3,10,9,8,11,6,4,17,17,6,5,5,3
25,186,"[15, 19, 20]","[1, 2, 5]",14,1,8,6,7,7,4,3,17,17,3,4,6,1
26,187,"[2, 4, 9]","[2, 4, 5]",16,2,9,7,7,9,5,3,17,17,6,3,4,3
27,188,"[2, 4, 10]","[1, 4, 5]",17,2,8,9,9,8,2,3,17,17,7,1,6,3
28,189,"[1, 2, 10]","[1, 4, 6]",18,2,8,10,10,8,3,5,17,17,3,5,6,4
29,190,"[1, 6, 17]","[1, 4, 7]",16,2,9,7,10,6,4,5,17,17,2,4,6,4
30,191,"[2, 3, 7]","[1, 4, 7]",19,3,10,9,9,10,5,4,17,17,5,5,4,5
31,192,"[4, 6, 7]","[1, 3, 6]",17,2,5,12,9,8,3,7,17,17,4,4,5,4
32,193,"[2, 4, 5]","[1, 2, 5]",16,2,7,9,5,11,5,3,17,17,6,5,3,2
33,194,"[11, 14, 17]","[1, 2, 5]",18,2,10,8,8,10,6,4,17,17,6,4,5,3
34,195,"[5, 9, 12]","[1, 3, 5]",17,2,6,11,9,8,2,5,17,17,4,4,6,3
35,196,"[11, 20, 26]","[1, 4, 5]",17,2,9,8,7,10,5,3,17,17,4,6,4,3
36,197,"[1, 2, 4]","[1, 4, 7]",16,2,10,6,8,8,4,2,17,17,7,1,5,3
37,198,"[5, 6, 9]","[1, 4, 7]",15,1,9,6,5,10,5,1,17,17,6,4,4,1
38,199,"[9, 16, 17]","[1, 3, 7]",18,2,11,7,10,8,4,3,17,17,3,5,6,4
39,200,"[7, 8, 9]","[1, 3, 8]",18,2,8,10,6,12,8,6,17,17,4,8,4,2
40,201,"[3, 6, 7]","[2, 3, 8]",17,2,12,5,9,8,6,3,17,17,4,4,6,3
41,202,"[2, 4, 7]","[2, 3, 8]",19,3,8,11,9,10,4,5,17,17,5,5,7,2
42,203,"[1, 5, 8]","[2, 3, 8]",14,1,6,8,6,8,5,5,17,17,3,5,4,2
43,204,"[2, 3, 4]","[1, 2, 4]",18,2,8,10,7,11,5,4,17,17,4,7,4,3
44,205,"[1, 5, 8]","[1, 2, 7]",16,2,9,7,9,7,4,4,17,17,5,2,7,2
45,206,"[2, 3, 4]","[1, 2, 7]",17,2,8,9,6,11,5,3,17,17,7,4,2,4
46,207,"[4, 10, 12]","[1, 3, 5]",16,2,7,9,7,9,3,3,17,17,4,5,4,3
47,208,"[1, 5, 12]","[1, 2, 4]",16,2,8,8,9,7,5,6,17,17,6,1,5,4
48,209,"[2, 3, 4]","[1, 2, 4]",17,2,9,8,6,11,5,2,17,17,5,6,3,3
49,210,"[4, 5, 7]","[1, 3, 6]",14,1,9,5,5,9,5,1,17,17,5,4,3,2
50,211,"[1, 4, 5]","[1, 3, 4]",18,2,10,8,9,9,6,5,17,17,6,3,3,6
51,212,"[5, 6, 9]","[1, 3, 6]",17,2,11,6,5,12,8,2,17,17,8,4,4,1
52,213,"[3, 5, 6]","[1, 3, 6]",17,2,11,6,9,8,6,4,17,17,5,3,3,6
53,214,"[1, 5, 6]","[1, 3, 6]",18,2,9,9,6,12,8,5,17,17,6,6,4,2
54,215,"[1, 3, 7]","[1, 3, 4]",19,3,10,9,12,7,5,7,17,17,3,4,5,7
55,216,"[1, 3, 11]","[1, 3, 4]",17,2,10,7,8,9,6,4,17,17,7,2,5,3
56,217,"[1, 3, 4]","[1, 3, 5]",16,2,7,9,9,7,3,5,17,17,5,2,6,3
57,218,"[1, 9, 17]","[1, 2, 3]",18,2,10,8,9,9,5,4,17,17,4,5,5,4
58,219,"[1, 3, 4]","[1, 2, 3]",17,2,11,6,10,7,6,5,17,17,5,2,5,5
59,220,"[10, 13, 17]","[1, 2, 3]",18,2,10,8,10,8,4,4,17,17,4,4,6,4
60,221,"[1, 4, 8]","[1, 2, 3]",17,2,6,11,8,9,4,6,17,17,4,5,3,5
61,222,"[6, 8, 10]","[1, 2, 3]",16,2,5,11,9,7,1,5,17,17,5,2,5,4
62,223,"[3, 10, 11]","[1, 2, 4]",19,3,10,9,10,9,5,5,17,17,5,4,6,4
63,224,"[4, 6, 10]","[2, 4, 5]",15,1,3,12,8,7,1,6,17,17,5,2,4,4
64,225,"[8, 9, 13]","[2, 5, 9]",16,2,7,9,8,8,3,4,17,17,4,4,5,3
65,226,"[6, 9, 26]","[2, 3, 5]",17,2,5,12,11,6,1,7,17,17,2,4,5,6
66,227,"[4, 5, 11]","[1, 3, 4]",17,2,7,10,10,7,3,6,17,17,4,3,5,5
67,228,"[1, 2, 9]","[1, 4, 5]",16,2,5,11,10,6,2,7,17,17,3,3,6,4
68,229,"[5, 6, 7]","[1, 3, 5]",16,2,9,7,6,10,6,3,17,17,5,5,3,3
69,230,"[4, 5, 6]","[2, 3, 5]",17,2,9,8,7,10,5,3,17,17,7,3,3,4
70,231,"[6, 10, 14]","[1, 3, 4]",16,2,4,12,10,6,1,7,17,17,1,5,6,4
