17,6,22,14,68,42,29,32,19,69,11,34,13,75,41,23,18,63,62
26,21,74,14,20,51,29,47,8,2,11,13,1,75,35,23,18,61,62
71,24,22,14,45,12,47,20,42,6,23,11,70,58,51,21,41,19,76,62
80,25,22,2,12,45,29,20,63,3,62,47,5,46,52,24,21,49,76,39
6,35,65,12,14,29,50,66,11,46,67,63,40,20,58,24,49,28,62
16,35,14,55,77,11,79,46,63,38,67,58,1,80,24,30,28,62
23,16,38,55,20,12,79,50,77,59,17,49,11,40,74,5,35,37,62
16,41,11,15,58,79,71,54,14,40,28,49,12,20,74,34,50,8,37,62
38,46,41,24,15,79,50,14,11,22,67,21,8,61,47,31,28,49,62
1,50,42,38,20,79,16,11,40,67,10,24,14,26,63,21,49,57,62
6,52,33,70,20,44,11,14,68,47,1,28,24,30,56,9,45,61,62
64,27,67,42,20,70,14,12,10,74,41,30,36,52,31,28,23,44
52,27,15,16,44,33,14,70,5,10,34,25,31,30,79,36,67,42,28,51,54,17
20,58,64,27,53,10,33,14,70,41,31,35,3,17,68,65,1,74,23,16,54
29,25,26,64,14,65,70,39,38,58,31,80,3,37,79,5,24,16,61
1,40,65,70,64,24,14,38,76,17,34,9,63,39,22,15,25,56,53,50
1,78,20,65,33,11,9,16,28,49,17,38,41,40,72,25,59,8,73,21,18
25,78,29,65,24,38,11,13,57,41,71,30,44,27,5,40,72,34,63,23,45,18
74,25,68,40,10,57,38,43,6,11,46,59,61,17,27,15,5,34,58,8,76,71
47,74,68,62,72,73,33,9,6,66,25,24,54,32,27,20,15,58,59,3,76,50
47,65,38,68,59,33,72,46,31,54,6,16,18,20,15,74,56,60,50,57,14
34,25,38,68,36,39,46,73,5,58,42,59,61,10,37,27,79,47,50,18,2
34,25,4,68,20,56,40,54,39,58,59,24,53,33,22,52,47,31,10,64,16,19
29,25,68,41,77,65,40,43,58,42,60,54,48,32,39,79,20,5,47,71,38
34,41,67,68,15,65,1,7,58,54,4,48,50,57,39,20,72,42,6,44,53,71,69,38,33
36,41,56,68,65,80,67,58,6,4,52,15,45,39,72,43,73,60,44,23,21,71,69,38,33
40,41,64,68,47,56,58,51,29,5,73,61,23,45,71,55,52,34,43,60,54,17,19,38,11,39
72,59,41,56,28,57,68,15,65,64,73,6,35,45,18,38,52,29,54,61,23,17,33,11
29,47,46,68,59,56,57,19,5,72,13,3,51,33,11,22,15,64,6,61,8,71,45
29,9,37,68,47,41,43,53,57,11,15,36,13,39,22,5,64,6,61,71,45,51
5,9,41,17,68,15,40,1,73,57,31,10,77,11,39,22,29,64,80,23,3,2
64,56,75,36,68,15,5,16,6,14,47,7,57,51,11,29,9,41,25,66,2
72,36,20,47,75,68,48,23,65,43,30,25,38,14,2,29,1,58,35,57,11
72,36,56,73,71,68,15,54,76,7,77,2,60,31,61,35,19,1,33,14
63,36,68,40,74,61,6,35,17,62,2,15,64,54,7,77,33,22,59,14
63,36,68,74,50,65,34,35,57,62,2,22,61,77,33,67,80,25,44,14
73,68,36,65,63,59,25,32,71,69,2,22,61,8,24,77,33,47,80,57,14
9,15,68,65,63,60,25,50,32,66,79,1,75,12,56,24,57,11,14
72,15,68,65,67,25,76,10,22,59,61,66,45,12,63,56,42,39
72,34,68,40,65,76,71,22,28,32,23,44,12,29,60,31,17
9,68,65,29,47,7,1,13,32,23,12,22,15,67,54,17,66,3
31,68,47,37,73,36,16,61,3,12,78,29,67,54,50,23,10,66,39,38
72,70,49,50,40,59,15,65,51,12,36,16,30,28,37,35,69,39,38
31,50,70,53,72,54,36,73,12,65,64,80,10,32,4,51,27,38
34,80,70,61,58,36,72,46,12,15,20,64,59,30,48,23,4,42,69,51,27,38
34,62,53,70,43,9,60,29,12,58,59,25,76,32,57,24,3,38
16,62,74,53,70,43,72,29,58,64,59,25,76,50,19,66,11,33,12
9,28,70,48,80,43,58,40,67,54,56,23,24,65,16,69,11,33,12
16,60,32,65,58,8,70,36,64,29,72,40,25,76,57,45,11
36,48,1,65,58,8,15,70,73,67,17,29,40,5,46,80,50,4,45,14,12
2026-9-6
